     1  'SIGNATURE   '       3      12
L_EDIT      
     1  'TITLE       '       3      72
 TRUE CELL                                                              
     1  'STATE-VECTOR'       1      20
         1         2         0         0         0         0         0         0
         0         0         2         0       201         2         1         0
         0         0         0         0
     1  'REF:IMERGE  '       1      29
         1         1         1         1         1         1         1         1
         1         1         1         1         1         1         1         1
         1         1         1         1         1         1         1         1
         1         1         1         1         1
     1  'REF:IGCOND  '       1       2
        45        69
     1  'LAST-EDIT   '       3      12
REF-CASE   3
     1  'REF-CASE   1'       0      -1
     2  'FLXNORMALIZE'       2       1
  4.52321069E-03
     2  'MACROLIB    '       0      -1
     3  'TIMESTAMP   '       2       3
  0.00000000E+00  0.00000000E+00  0.00000000E+00
     3  'ADDXSNAME   '       3       8
NG      
     3  'FISSIONNAMES'       3       8
MACROFIS
     3  'FISSIONNB   '       1       1
        -1
     3  'EFISS       '       2       1
  2.03074463E+02
     3  'GROUP  1/  2'       0      -1
     4  'NG          '       2       1
  1.38592673E-03
     4  'OVERV       '       2       1
  1.08497623E-07
     4  'TOTAL       '       2       1
  3.14421386E-01
     4  'ABS         '       2       1
  1.72095071E-03
     4  'PRODUCTION  '       2       1
  1.15155345E-02
     4  'NUSIGF      '       2       1
  8.93106917E-04
     4  'CHI         '       2       1
  1.00000000E+00
     4  'NFTOT       '       2       1
  3.35026765E-04
     4  'TRANC       '       2       1
  5.63024916E-02
     4  'FLUX-INTG   '       2       1
  8.68392181E+01
     4  'SIGW 0      '       2       1
  3.04002076E-01
     4  'SCAD 0      '       2       2
  6.83940234E-05  3.04002076E-01
     4  'NJJD 0      '       1       1
         2
     4  'IJJD 0      '       1       1
         2
     4  'IPOD 0      '       1       1
         1
     4  'SCAA 0      '       2       2
  8.69837869E-03  3.04002076E-01
     4  'NJJA 0      '       1       1
         2
     4  'IJJA 0      '       1       1
         2
     4  'IPOA 0      '       1       1
         1
     4  'SIGW 1      '       2       1
  6.18430004E-02
     4  'SCAD 1      '       2       2
  1.06061689E-05  6.18430004E-02
     4  'NJJD 1      '       1       1
         2
     4  'IJJD 1      '       1       1
         2
     4  'IPOD 1      '       1       1
         1
     4  'SCAA 1      '       2       2
 -7.30752363E-04  6.18430004E-02
     4  'NJJA 1      '       1       1
         2
     4  'IJJA 1      '       1       1
         2
     4  'IPOA 1      '       1       1
         1
     4  'H-FACTORS   '       2       1
  1.12082422E+04
     3  'GROUP  2/  2'       0      -1
     4  'NG          '       2       1
  1.75397564E-03
     4  'OVERV       '       2       1
  3.78258233E-06
     4  'TOTAL       '       2       1
  4.38975960E-01
     4  'ABS         '       2       1
  3.58261517E-03
     4  'PRODUCTION  '       2       1
  0.00000000E+00
     4  'NUSIGF      '       2       1
  4.45860531E-03
     4  'CHI         '       2       1
  0.00000000E+00
     4  'NFTOT       '       2       1
  1.82863942E-03
     4  'TRANC       '       2       1
  5.14970906E-02
     4  'FLUX-INTG   '       2       1
  2.06890564E+02
     4  'SIGW 0      '       2       1
  4.35324967E-01
     4  'SCAD 0      '       2       2
  4.35324967E-01  8.69837869E-03
     4  'NJJD 0      '       1       1
         2
     4  'IJJD 0      '       1       1
         2
     4  'IPOD 0      '       1       1
         1
     4  'SCAA 0      '       2       2
  4.35324967E-01  6.83940234E-05
     4  'NJJA 0      '       1       1
         2
     4  'IJJA 0      '       1       1
         2
     4  'IPOA 0      '       1       1
         1
     4  'SIGW 1      '       2       1
  4.46821079E-02
     4  'SCAD 1      '       2       2
  4.46821079E-02 -7.30752363E-04
     4  'NJJD 1      '       1       1
         2
     4  'IJJD 1      '       1       1
         2
     4  'IPOD 1      '       1       1
         1
     4  'SCAA 1      '       2       2
  4.46821079E-02  1.06061689E-05
     4  'NJJA 1      '       1       1
         2
     4  'IJJA 1      '       1       1
         2
     4  'IPOA 1      '       1       1
         1
     4  'H-FACTORS   '       2       1
  5.93676328E+04
     3  'FGWITHUPSCAT'       1       2
         1         1
     3  'STATE-VECTOR'       1      20
         2         1         2         1         1         2         0         0
         0         0         0         0         0         0         0         0
         0         0         0         0
     3  'SIGNATURE   '       3      12
L_MACROLIB  
     3  'ENERGY      '       2       3
  1.00000000E+07  6.25000000E-01  9.99999975E-06
     3  'DELTAU      '       2       2
  1.65880985E+01  1.10429220E+01
     3  'VOLUME      '       2       1
  8.16530640E+02
     3  'MATCOD      '       1       1
         1
     3  'KEYFLX      '       1       1
         1
     3  'K-EFFECTIVE '       2       1
  1.12276888E+00
     3  'FLUXDISAFACT'       2       2
  1.71498656E+00  5.84292710E-01
     3  'MACRO-EMJ   '       2       1
  3.25361140E+07
     2  'STATE-VECTOR'       1      20
         1         0         2         2         2         0         1         1
        14        27        92         0         3         1         0       361
        20         0         0         0
     2  'HVECT       '       3      24
NHEAT   NG      N2N     
     2  'SIGNATURE   '       3      12
L_LIBRARY   
     2  'ENERGY      '       2       3
  1.00000000E+07  6.25000000E-01  9.99999975E-06
     2  'DELTAU      '       2       2
  1.65880985E+01  1.10429220E+01
     1  'REF-CASE   2'       0      -1
     2  'FLXNORMALIZE'       2       1
  4.49427078E-03
     2  'MACROLIB    '       0      -1
     3  'TIMESTAMP   '       2       3
  1.99999981E+01  1.99456039E+02  1.88491493E-01
     3  'ADDXSNAME   '       3       8
NG      
     3  'FISSIONNAMES'       3       8
MACROFIS
     3  'FISSIONNB   '       1       1
        -1
     3  'EFISS       '       2       1
  2.03430038E+02
     3  'GROUP  1/  2'       0      -1
     4  'NG          '       2       1
  1.38980942E-03
     4  'OVERV       '       2       1
  1.08472740E-07
     4  'TOTAL       '       2       1
  3.14426899E-01
     4  'ABS         '       2       1
  1.72352290E-03
     4  'PRODUCTION  '       2       1
  1.11466488E-02
     4  'NUSIGF      '       2       1
  8.91067670E-04
     4  'CHI         '       2       1
  1.00000000E+00
     4  'NFTOT       '       2       1
  3.33716423E-04
     4  'TRANC       '       2       1
  5.63043244E-02
     4  'FLUX-INTG   '       2       1
  8.97130661E+01
     4  'SIGW 0      '       2       1
  3.04007322E-01
     4  'SCAD 0      '       2       2
  7.02586112E-05  3.04007322E-01
     4  'NJJD 0      '       1       1
         2
     4  'IJJD 0      '       1       1
         2
     4  'IPOD 0      '       1       1
         1
     4  'SCAA 0      '       2       2
  8.69607925E-03  3.04007322E-01
     4  'NJJA 0      '       1       1
         2
     4  'IJJA 0      '       1       1
         2
     4  'IPOA 0      '       1       1
         1
     4  'SIGW 1      '       2       1
  6.18447699E-02
     4  'SCAD 1      '       2       2
  1.09202128E-05  6.18447699E-02
     4  'NJJD 1      '       1       1
         2
     4  'IJJD 1      '       1       1
         2
     4  'IPOD 1      '       1       1
         1
     4  'SCAA 1      '       2       2
 -7.30639498E-04  6.18447699E-02
     4  'NJJA 1      '       1       1
         2
     4  'IJJA 1      '       1       1
         2
     4  'IPOA 1      '       1       1
         1
     4  'H-FACTORS   '       2       1
  1.11692129E+04
     3  'GROUP  2/  2'       0      -1
     4  'NG          '       2       1
  1.88429852E-03
     4  'OVERV       '       2       1
  3.78091772E-06
     4  'TOTAL       '       2       1
  4.39206451E-01
     4  'ABS         '       2       1
  3.69051704E-03
     4  'PRODUCTION  '       2       1
  0.00000000E+00
     4  'NUSIGF      '       2       1
  4.43521701E-03
     4  'CHI         '       2       1
  0.00000000E+00
     4  'NFTOT       '       2       1
  1.80621736E-03
     4  'TRANC       '       2       1
  5.15737608E-02
     4  'FLUX-INTG   '       2       1
  2.07444092E+02
     4  'SIGW 0      '       2       1
  4.35445696E-01
     4  'SCAD 0      '       2       2
  4.35445696E-01  8.69607925E-03
     4  'NJJD 0      '       1       1
         2
     4  'IJJD 0      '       1       1
         2
     4  'IPOD 0      '       1       1
         1
     4  'SCAA 0      '       2       2
  4.35445696E-01  7.02586112E-05
     4  'NJJA 0      '       1       1
         2
     4  'IJJA 0      '       1       1
         2
     4  'IPOA 0      '       1       1
         1
     4  'SIGW 1      '       2       1
  4.47639264E-02
     4  'SCAD 1      '       2       2
  4.47639264E-02 -7.30639498E-04
     4  'NJJD 1      '       1       1
         2
     4  'IJJD 1      '       1       1
         2
     4  'IPOD 1      '       1       1
         1
     4  'SCAA 1      '       2       2
  4.47639264E-02  1.09202128E-05
     4  'NJJA 1      '       1       1
         2
     4  'IJJA 1      '       1       1
         2
     4  'IPOA 1      '       1       1
         1
     4  'H-FACTORS   '       2       1
  5.87437539E+04
     3  'FGWITHUPSCAT'       1       2
         1         1
     3  'STATE-VECTOR'       1      20
         2         1         2         1         1         2         0         0
         0         0         0         0         0         0         0         0
         0         0         0         0
     3  'SIGNATURE   '       3      12
L_MACROLIB  
     3  'ENERGY      '       2       3
  1.00000000E+07  6.25000000E-01  9.99999975E-06
     3  'DELTAU      '       2       2
  1.65880985E+01  1.10429220E+01
     3  'VOLUME      '       2       1
  8.16530640E+02
     3  'MATCOD      '       1       1
         1
     3  'KEYFLX      '       1       1
         1
     3  'K-EFFECTIVE '       2       1
  1.08672214E+00
     3  'FLUXDISAFACT'       2       2
  1.71436083E+00  5.72043955E-01
     3  'MACRO-EMJ   '       2       1
  3.25930840E+07
     2  'STATE-VECTOR'       1      20
         1         0         2         2         2         0         1         1
        14        27        92         0         3         1         0       361
        20         0         0         0
     2  'HVECT       '       3      24
NHEAT   NG      N2N     
     2  'SIGNATURE   '       3      12
L_LIBRARY   
     2  'ENERGY      '       2       3
  1.00000000E+07  6.25000000E-01  9.99999975E-06
     2  'DELTAU      '       2       2
  1.65880985E+01  1.10429220E+01
     1  'REF-CASE   3'       0      -1
     2  'FLXNORMALIZE'       2       1
  4.34608292E-03
     2  'MACROLIB    '       0      -1
     3  'TIMESTAMP   '       2       3
  3.99999962E+01  3.99478943E+02  3.79614145E-01
     3  'ADDXSNAME   '       3       8
NG      
     3  'FISSIONNAMES'       3       8
MACROFIS
     3  'FISSIONNB   '       1       1
        -1
     3  'EFISS       '       2       1
  2.03797363E+02
     3  'GROUP  1/  2'       0      -1
     4  'NG          '       2       1
  1.39517733E-03
     4  'OVERV       '       2       1
  1.08431173E-07
     4  'TOTAL       '       2       1
  3.14434737E-01
     4  'ABS         '       2       1
  1.72802736E-03
     4  'PRODUCTION  '       2       1
  1.11752236E-02
     4  'NUSIGF      '       2       1
  8.90273193E-04
     4  'CHI         '       2       1
  1.00000000E+00
     4  'NFTOT       '       2       1
  3.32853961E-04
     4  'TRANC       '       2       1
  5.63055724E-02
     4  'FLUX-INTG   '       2       1
  8.94836731E+01
     4  'SIGW 0      '       2       1
  3.04014713E-01
     4  'SCAD 0      '       2       2
  7.09123051E-05  3.04014713E-01
     4  'NJJD 0      '       1       1
         2
     4  'IJJD 0      '       1       1
         2
     4  'IPOD 0      '       1       1
         1
     4  'SCAA 0      '       2       2
  8.69198982E-03  3.04014713E-01
     4  'NJJA 0      '       1       1
         2
     4  'IJJA 0      '       1       1
         2
     4  'IPOA 0      '       1       1
         1
     4  'SIGW 1      '       2       1
  6.18460067E-02
     4  'SCAD 1      '       2       2
  1.10457813E-05  6.18460067E-02
     4  'NJJD 1      '       1       1
         2
     4  'IJJD 1      '       1       1
         2
     4  'IPOD 1      '       1       1
         1
     4  'SCAA 1      '       2       2
 -7.30481232E-04  6.18460067E-02
     4  'NJJA 1      '       1       1
         2
     4  'IJJA 1      '       1       1
         2
     4  'IPOA 1      '       1       1
         1
     4  'H-FACTORS   '       2       1
  1.11452842E+04
     3  'GROUP  2/  2'       0      -1
     4  'NG          '       2       1
  1.91458920E-03
     4  'OVERV       '       2       1
  3.78093478E-06
     4  'TOTAL       '       2       1
  4.39307392E-01
     4  'ABS         '       2       1
  3.73444520E-03
     4  'PRODUCTION  '       2       1
  0.00000000E+00
     4  'NUSIGF      '       2       1
  4.50276444E-03
     4  'CHI         '       2       1
  0.00000000E+00
     4  'NFTOT       '       2       1
  1.81985600E-03
     4  'TRANC       '       2       1
  5.16016260E-02
     4  'FLUX-INTG   '       2       1
  2.04393341E+02
     4  'SIGW 0      '       2       1
  4.35502023E-01
     4  'SCAD 0      '       2       2
  4.35502023E-01  8.69198982E-03
     4  'NJJD 0      '       1       1
         2
     4  'IJJD 0      '       1       1
         2
     4  'IPOD 0      '       1       1
         1
     4  'SCAA 0      '       2       2
  4.35502023E-01  7.09123051E-05
     4  'NJJA 0      '       1       1
         2
     4  'IJJA 0      '       1       1
         2
     4  'IPOA 0      '       1       1
         1
     4  'SIGW 1      '       2       1
  4.47913893E-02
     4  'SCAD 1      '       2       2
  4.47913893E-02 -7.30481232E-04
     4  'NJJD 1      '       1       1
         2
     4  'IJJD 1      '       1       1
         2
     4  'IPOD 1      '       1       1
         1
     4  'SCAA 1      '       2       2
  4.47913893E-02  1.10457813E-05
     4  'NJJA 1      '       1       1
         2
     4  'IJJA 1      '       1       1
         2
     4  'IPOA 1      '       1       1
         1
     4  'H-FACTORS   '       2       1
  5.93005664E+04
     3  'FGWITHUPSCAT'       1       2
         1         1
     3  'STATE-VECTOR'       1      20
         2         1         2         1         1         2         0         0
         0         0         0         0         0         0         0         0
         0         0         0         0
     3  'SIGNATURE   '       3      12
L_MACROLIB  
     3  'ENERGY      '       2       3
  1.00000000E+07  6.25000000E-01  9.99999975E-06
     3  'DELTAU      '       2       2
  1.65880985E+01  1.10429220E+01
     3  'VOLUME      '       2       1
  8.16530640E+02
     3  'MATCOD      '       1       1
         1
     3  'KEYFLX      '       1       1
         1
     3  'K-EFFECTIVE '       2       1
  1.08941245E+00
     3  'FLUXDISAFACT'       2       2
  1.71399927E+00  5.67232847E-01
     3  'MACRO-EMJ   '       2       1
  3.26519360E+07
     2  'STATE-VECTOR'       1      20
         1         0         2         2         2         0         1         1
        14        27        92         0         3         1         0       361
        20         0         0         0
     2  'HVECT       '       3      24
NHEAT   NG      N2N     
     2  'SIGNATURE   '       3      12
L_LIBRARY   
     2  'ENERGY      '       2       3
  1.00000000E+07  6.25000000E-01  9.99999975E-06
     2  'DELTAU      '       2       2
  1.65880985E+01  1.10429220E+01
