     1  'SIGNATURE   '       3      12
L_EDIT      
     1  'TITLE       '       3      72
                                                                        
     1  'STATE-VECTOR'       1      20
         6         2         0         0         0         0         0         0
         0         3         2         0         1         2         6         0
         0         0         0         0
     1  'REF:IMERGE  '       1       6
         1         2         3         4         5         6
     1  'REF:IGCOND  '       1       2
         1         2
     1  'LAST-EDIT   '       3      12
REF-CASE   1
     1  'REF-CASE   1'       0      -1
     2  'FLXNORMALIZE'       2       1
  6.17355614E+01
     2  'MACROLIB    '       0      -1
     3  'TIMESTAMP   '       2       3
  0.00000000E+00  0.00000000E+00  0.00000000E+00
     3  'FISSIONNAMES'       3       8
MACROFIS
     3  'FISSIONNB   '       1       6
        -1        -1        -1        -1        -1        -1
     3  'EFISS       '       2       6
  0.00000000E+00  0.00000000E+00  0.00000000E+00  0.00000000E+00  0.00000000E+00
  0.00000000E+00
     3  'GROUP  1/  2'       0      -1
     4  'TOTAL       '       2       6
  2.22222000E-01  1.66666999E-01  1.66666999E-01  1.66666999E-01  1.66666999E-01
  1.66666999E-01
     4  'ABS         '       2       6
  1.00019984E-02  7.45058060E-09  7.45058060E-09  7.45058060E-09  7.45058015E-09
  7.45058060E-09
     4  'PRODUCTION  '       2       6
  2.80269474E-01  0.00000000E+00  0.00000000E+00  0.00000000E+00  0.00000000E+00
  0.00000000E+00
     4  'NUSIGF      '       2       6
  0.00000000E+00  0.00000000E+00  0.00000000E+00  0.00000000E+00  0.00000000E+00
  0.00000000E+00
     4  'CHI         '       2       6
  1.00000000E+00  0.00000000E+00  0.00000000E+00  0.00000000E+00  0.00000000E+00
  0.00000000E+00
     4  'NFTOT       '       2       6
  0.00000000E+00  0.00000000E+00  0.00000000E+00  0.00000000E+00  0.00000000E+00
  0.00000000E+00
     4  'TRANC       '       2       6
  0.00000000E+00  0.00000000E+00  0.00000000E+00  0.00000000E+00  0.00000000E+00
  0.00000000E+00
     4  'FLUX-INTG   '       2       6
  3.56799483E+00  7.79156828E+00  1.15386677E+01  1.53657150E+01  1.92582531E+01
  9.72877274E+01
     4  'SIGW 0      '       2       6
  1.92220002E-01  1.26666993E-01  1.26666993E-01  1.26666993E-01  1.26666993E-01
  1.26666993E-01
     4  'SCAD 0      '       2      11
  1.92220002E-01  1.50000007E-04  1.26666993E-01  1.50000007E-04  1.26666993E-01
  1.50000007E-04  1.26666993E-01  1.50000007E-04  1.26666993E-01  1.50000007E-04
  1.26666993E-01
     4  'NJJD 0      '       1       6
         1         2         2         2         2         2
     4  'IJJD 0      '       1       6
         1         2         2         2         2         2
     4  'IPOD 0      '       1       6
         1         2         4         6         8        10
     4  'SCAA 0      '       2      12
  1.99999996E-02  1.92220002E-01  3.99999991E-02  1.26666993E-01  3.99999991E-02
  1.26666993E-01  3.99999991E-02  1.26666993E-01  3.99999991E-02  1.26666993E-01
  3.99999991E-02  1.26666993E-01
     4  'NJJA 0      '       1       6
         2         2         2         2         2         2
     4  'IJJA 0      '       1       6
         2         2         2         2         2         2
     4  'IPOA 0      '       1       6
         1         3         5         7         9        11
     3  'GROUP  2/  2'       0      -1
     4  'TOTAL       '       2       6
  8.33333015E-01  1.11111104E+00  1.11111104E+00  1.11111104E+00  1.11111104E+00
  1.11111104E+00
     4  'ABS         '       2       6
  8.00030231E-02  9.85106267E-03  9.85106360E-03  9.85106360E-03  9.85106360E-03
  9.85106360E-03
     4  'PRODUCTION  '       2       6
  0.00000000E+00  0.00000000E+00  0.00000000E+00  0.00000000E+00  0.00000000E+00
  0.00000000E+00
     4  'NUSIGF      '       2       6
  1.35000005E-01  0.00000000E+00  0.00000000E+00  0.00000000E+00  0.00000000E+00
  0.00000000E+00
     4  'CHI         '       2       6
  0.00000000E+00  0.00000000E+00  0.00000000E+00  0.00000000E+00  0.00000000E+00
  0.00000000E+00
     4  'NFTOT       '       2       6
  0.00000000E+00  0.00000000E+00  0.00000000E+00  0.00000000E+00  0.00000000E+00
  0.00000000E+00
     4  'TRANC       '       2       6
  0.00000000E+00  0.00000000E+00  0.00000000E+00  0.00000000E+00  0.00000000E+00
  0.00000000E+00
     4  'FLUX-INTG   '       2       6
  7.40740728E+00  2.31879654E+01  3.90286942E+01  5.48617706E+01  7.06900864E+01
  3.65008301E+02
     4  'SIGW 0      '       2       6
  7.53329992E-01  1.10110998E+00  1.10110998E+00  1.10110998E+00  1.10110998E+00
  1.10110998E+00
     4  'SCAD 0      '       2      12
  7.53329992E-01  1.99999996E-02  1.10110998E+00  3.99999991E-02  1.10110998E+00
  3.99999991E-02  1.10110998E+00  3.99999991E-02  1.10110998E+00  3.99999991E-02
  1.10110998E+00  3.99999991E-02
     4  'NJJD 0      '       1       6
         2         2         2         2         2         2
     4  'IJJD 0      '       1       6
         2         2         2         2         2         2
     4  'IPOD 0      '       1       6
         1         3         5         7         9        11
     4  'SCAA 0      '       2      11
  7.53329992E-01  1.10110998E+00  1.50000007E-04  1.10110998E+00  1.50000007E-04
  1.10110998E+00  1.50000007E-04  1.10110998E+00  1.50000007E-04  1.10110998E+00
  1.50000007E-04
     4  'NJJA 0      '       1       6
         1         2         2         2         2         2
     4  'IJJA 0      '       1       6
         2         2         2         2         2         2
     4  'IPOA 0      '       1       6
         1         2         4         6         8        10
     3  'FGWITHUPSCAT'       1       6
         3         1         1         1         1         1
     3  'STATE-VECTOR'       1      20
         2         6         1         1         0         0         0         0
         0         0         0         0         0         0         0         0
         0         0         0         0
     3  'SIGNATURE   '       3      12
L_MACROLIB  
     3  'VOLUME      '       2       6
  1.21341005E-01  3.74794275E-01  6.28306746E-01  8.81819367E-01  1.13533139E+00
  5.85840750E+00
     3  'MATCOD      '       1       6
         1         2         3         4         5         6
     3  'KEYFLX      '       1       6
         1         2         3         4         5         6
     3  'K-EFFECTIVE '       2       1
  1.64643139E-01
     3  'FLUXDISAFACT'       2       2
  1.70946550E+00  9.80777025E-01
