     1  'SIGNATURE   '       3      12
L_COMPO     
     1  'BIGDIR1    1'       0      -1
     2  'BURN       1'       0      -1
     3  'MACR        '       0      -1
     4  'TOTAL       '       2       2
  3.14421386E-01  4.38975960E-01
     4  'TRANC       '       2       2
  5.63024916E-02  5.14970906E-02
     4  'NUSIGF      '       2       2
  8.93106917E-04  4.45860531E-03
     4  'NFTOT       '       2       2
  3.35026765E-04  1.82863942E-03
     4  'CHI         '       2       2
  1.00000000E+00  0.00000000E+00
     4  'NG          '       2       2
  1.38592673E-03  1.75397564E-03
     4  'STRD        '       2       2
  2.52578378E-01  3.94283235E-01
     4  'SIGS 0      '       2       2
  3.12700450E-01  4.35393363E-01
     4  'NJJ  0      '       1       2
         2         2
     4  'IJJ  0      '       1       2
         2         2
     4  'SCAT 0      '       2       4
  6.83940234E-05  3.04002076E-01  4.35324967E-01  8.69837869E-03
     4  'SIGS 1      '       2       2
  6.11122474E-02  4.46927138E-02
     4  'NJJ  1      '       1       2
         2         2
     4  'IJJ  1      '       1       2
         2         2
     4  'SCAT 1      '       2       4
  1.06061689E-05  6.18430004E-02  4.46821079E-02 -7.30752363E-04
     4  'XS-SAVED    '       1      22
         1         1         1         1         1         0         1         0
         0         0         0         0         0         0         0         0
         1         0         0         0         1         1
     3  'OVERV       '       2       2
  1.08497623E-07  3.78258233E-06
     3  'FLUX-INTG   '       2       2
  8.68392181E+01  2.06890564E+02
     3  'FLUXDISAFACT'       2       2
  1.71498656E+00  5.84292710E-01
     3  'ISOTOPESDENS'       2       1
  1.00000000E+00
     3  'ISOTOPES-EFJ'       2       1
  3.25361162E-11
     2  'TITLE       '       3      72
 TRUE CELL                                                              
     2  'VOLUME      '       2       1
  8.16530640E+02
     2  'ENERGY      '       2       3
  1.00000000E+07  6.25000000E-01  9.99999975E-06
     2  'BURN       2'       0      -1
     3  'MACR        '       0      -1
     4  'TOTAL       '       2       2
  3.14426899E-01  4.39206451E-01
     4  'TRANC       '       2       2
  5.63043244E-02  5.15737608E-02
     4  'NUSIGF      '       2       2
  8.91067670E-04  4.43521701E-03
     4  'NFTOT       '       2       2
  3.33716423E-04  1.80621736E-03
     4  'CHI         '       2       2
  1.00000000E+00  0.00000000E+00
     4  'NG          '       2       2
  1.38980942E-03  1.88429852E-03
     4  'STRD        '       2       2
  2.52582133E-01  3.94431591E-01
     4  'SIGS 0      '       2       2
  3.12703401E-01  4.35515940E-01
     4  'NJJ  0      '       1       2
         2         2
     4  'IJJ  0      '       1       2
         2         2
     4  'SCAT 0      '       2       4
  7.02586112E-05  3.04007322E-01  4.35445696E-01  8.69607925E-03
     4  'SIGS 1      '       2       2
  6.11141287E-02  4.47748452E-02
     4  'NJJ  1      '       1       2
         2         2
     4  'IJJ  1      '       1       2
         2         2
     4  'SCAT 1      '       2       4
  1.09202128E-05  6.18447699E-02  4.47639264E-02 -7.30639498E-04
     4  'XS-SAVED    '       1      22
         1         1         1         1         1         0         1         0
         0         0         0         0         0         0         0         0
         1         0         0         0         1         1
     3  'OVERV       '       2       2
  1.08472740E-07  3.78091772E-06
     3  'FLUX-INTG   '       2       2
  8.97130661E+01  2.07444092E+02
     3  'FLUXDISAFACT'       2       2
  1.71436083E+00  5.72043955E-01
     3  'ISOTOPESDENS'       2       1
  1.00000000E+00
     3  'ISOTOPES-EFJ'       2       1
  3.25930845E-11
     2  'BURN       3'       0      -1
     3  'MACR        '       0      -1
     4  'TOTAL       '       2       2
  3.14434737E-01  4.39307392E-01
     4  'TRANC       '       2       2
  5.63055724E-02  5.16016260E-02
     4  'NUSIGF      '       2       2
  8.90273193E-04  4.50276444E-03
     4  'NFTOT       '       2       2
  3.32853961E-04  1.81985600E-03
     4  'CHI         '       2       2
  1.00000000E+00  0.00000000E+00
     4  'NG          '       2       2
  1.39517733E-03  1.91458920E-03
     4  'STRD        '       2       2
  2.52588719E-01  3.94504964E-01
     4  'SIGS 0      '       2       2
  3.12706709E-01  4.35572922E-01
     4  'NJJ  0      '       1       2
         2         2
     4  'IJJ  0      '       1       2
         2         2
     4  'SCAT 0      '       2       4
  7.09123051E-05  3.04014713E-01  4.35502023E-01  8.69198982E-03
     4  'SIGS 1      '       2       2
  6.11155257E-02  4.48024347E-02
     4  'NJJ  1      '       1       2
         2         2
     4  'IJJ  1      '       1       2
         2         2
     4  'SCAT 1      '       2       4
  1.10457813E-05  6.18460067E-02  4.47913893E-02 -7.30481232E-04
     4  'XS-SAVED    '       1      22
         1         1         1         1         1         0         1         0
         0         0         0         0         0         0         0         0
         1         0         0         0         1         1
     3  'OVERV       '       2       2
  1.08431173E-07  3.78093478E-06
     3  'FLUX-INTG   '       2       2
  8.94836731E+01  2.04393341E+02
     3  'FLUXDISAFACT'       2       2
  1.71399927E+00  5.67232847E-01
     3  'ISOTOPESDENS'       2       1
  1.00000000E+00
     3  'ISOTOPES-EFJ'       2       1
  3.26519367E-11
     2  'BURNUP      '       2       3
  0.00000000E+00  1.99456039E+02  3.99478943E+02
     2  'N/KB        '       2       3
  0.00000000E+00  1.88491493E-01  3.79614145E-01
     2  'ISOTOPESNAME'       3      12
MACR        
     2  'JTAB        '       1       1
         0
     2  'PARAM       '       1       4
         2         1         2         3
     1  'STATE-VECTOR'       1      20
         1         2         1         2         3         4         0         0
         0         0         0         0         0         0         0         0
         0         0         0         0
